 # z  a  deltac
   0.00000000       1.00000000       1.67379355    
  0.100334451      0.908814609       1.75633180    
  0.200668901      0.832869053       1.84395218    
  0.301003337      0.768637538       1.93616915    
  0.401337802      0.713603795       2.03248167    
  0.501672268      0.665924251       2.13240528    
  0.602006674      0.624217153       2.23551297    
  0.702341139      0.587426364       2.34142089    
  0.802675605      0.554730952       2.44974732    
  0.903010011      0.525483310       2.56014132    
   1.00334454      0.499165267       2.67241478    
   1.10367894      0.475357711       2.78620505    
   1.20401335      0.453717768       2.90145850    
   1.30434787      0.433962226       3.01785851    
   1.40468228      0.415855378       3.13531137    
   1.50501668      0.399198920       3.25367546    
   1.60535121      0.383825421       3.37285781    
   1.70568562      0.369592100       3.49274921    
   1.80602002      0.356376648       3.61321735    
   1.90635455      0.344073653       3.73411965    
   2.00668907      0.332591742       3.85576248    
   2.10702348      0.321851432       3.97754049    
   2.20735788      0.311783105       4.09991169    
   2.30769229      0.302325577       4.22259760    
   2.40802670      0.293424934       4.34552288    
   2.50836110      0.285033375       4.46862555    
   2.60869575      0.277108431       4.59213257    
   2.70903015      0.269612253       4.71595669    
   2.80936456      0.262510985       4.83956623    
   2.90969896      0.255774170       4.96388197    
   3.01003337      0.249374464       5.08774233    
   3.11036777      0.243287235       5.21241808    
   3.21070242      0.237490073       5.33695793    
   3.31103683      0.231962740       5.46138000    
   3.41137123      0.226686880       5.58580351    
   3.51170564      0.221645683       5.71080446    
   3.61204004      0.216823786       5.83583736    
   3.71237469      0.212207228       5.96087599    
   3.81270909      0.207783192       6.08592224    
   3.91304350      0.203539819       6.21093893    
   4.01337814      0.199466303       6.33586311    
   4.11371231      0.195552647       6.46147490    
   4.21404696      0.191789597       6.58716583    
   4.31438112      0.188168660       6.71274757    
   4.41471577      0.184681907       6.83802319    
   4.51504993      0.181322023       6.96273565    
   4.61538458      0.178082198       7.08904171    
   4.71571922      0.174956113       7.21489334    
   4.81605339      0.171937898       7.33973455    
   4.91638803      0.169022039       7.46592999    
   5.01672220      0.166203454       7.59186745    
   5.11705685      0.163477316       7.71643877    
   5.21739149      0.160839155       7.84348392    
   5.31772566      0.158284813       7.96835232    
   5.41806030      0.155810311       8.09496403    
   5.51839447      0.153412014       8.22034740    
   5.61872911      0.151086405       8.34657097    
   5.71906376      0.148830265       8.47214508    
   5.81939793      0.146640509       8.59843445    
   5.91973257      0.144514263       8.72371483    
   6.02006674      0.142448783       8.85053539    
   6.12040138      0.140441522       8.97485638    
   6.22073555      0.138490051       9.10267353    
   6.32107019      0.136592045       9.22698879    
   6.42140484      0.134745374       9.35442924    
   6.52173901      0.132947981       9.48027802    
   6.62207365      0.131197900       9.60511494    
   6.72240782      0.129493296       9.73298645    
   6.82274246      0.127832413       9.85757828    
   6.92307711      0.126213595       9.98413467    
   7.02341127      0.124635272       10.1112967    
   7.12374592      0.123095922       10.2353182    
   7.22408009      0.121594146       10.3626213    
   7.32441473      0.120128557       10.4897738    
   7.42474937      0.118697897       10.6138954    
   7.52508354      0.117300905       10.7405653    
   7.62541819      0.115936413       10.8683977    
   7.72575235      0.114603303       10.9932899    
   7.82608700      0.113300495       11.1174269    
   7.92642164      0.112026967       11.2466621    
   8.02675629      0.110781766       11.3730221    
   8.12709045      0.109563939       11.4966049    
   8.22742462      0.108372599       11.6234188    
   8.32775879      0.107206888       11.7519684    
   8.42809391      0.106065981       11.8777838    
   8.52842808      0.104949102       12.0009489    
   8.62876225      0.103855506       12.1282139    
   8.72909737      0.102784455       12.2570305    
   8.82943153      0.101735286       12.3832159    
   8.92976570      0.100707307       12.5068521    
   9.03009987       9.96999070E-02   12.6298227    
   9.13043499       9.87124443E-02   12.7561636    
   9.23076916       9.77443606E-02   12.8825035    
   9.33110332       9.67950821E-02   13.0088434    
   9.43143845       9.58640575E-02   13.1351852    
   9.53177261       9.49507803E-02   13.2615242    
   9.63210678       9.40547362E-02   13.3878651    
   9.73244190       9.31754410E-02   13.5142059    
   9.83277607       9.23124403E-02   13.6405458    
   9.93311024       9.14652795E-02   13.7668867    
   10.0334444       9.06335264E-02   13.8932266    
   10.1337795       8.98167565E-02   14.0195675    
   10.2341137       8.90145898E-02   14.1459074    
   10.3344479       8.82266164E-02   14.2722473    
   10.4347830       8.74524713E-02   14.3985882    
   10.5351171       8.66917968E-02   14.5249281    
   10.6354513       8.59442353E-02   14.6512690    
   10.7357855       8.52094665E-02   14.7776079    
   10.8361206       8.44871402E-02   14.9039497    
   10.9364548       8.37769657E-02   15.0302906    
   11.0367889       8.30786377E-02   15.1566296    
   11.1371241       8.23918432E-02   15.2829704    
   11.2374582       8.17163140E-02   15.4093113    
   11.3377924       8.10517743E-02   15.5356512    
   11.4381275       8.03979561E-02   15.6619911    
   11.5384617       7.97545984E-02   15.7883320    
   11.6387959       7.91214630E-02   15.9146719    
   11.7391300       7.84982964E-02   16.0410118    
   11.8394651       7.78848678E-02   16.1673527    
   11.9397993       7.72809535E-02   16.2936935    
   12.0401335       7.66863301E-02   16.4200344    
   12.1404686       7.61007890E-02   16.5463734    
   12.2408028       7.55241215E-02   16.6727142    
   12.3411369       7.49561340E-02   16.7990532    
   12.4414711       7.43966177E-02   16.9253941    
   12.5418062       7.38453940E-02   17.0517349    
   12.6421404       7.33022839E-02   17.1780739    
   12.7424746       7.27671012E-02   17.3044147    
   12.8428097       7.22396672E-02   17.4307575    
   12.9431438       7.17198402E-02   17.5570965    
   13.0434780       7.12074339E-02   17.6834354    
   13.1438131       7.07022920E-02   17.8097782    
   13.2441473       7.02042729E-02   17.9361172    
   13.3444815       6.97132200E-02   18.0624580    
   13.4448156       6.92289919E-02   18.1887970    
   13.5451508       6.87514395E-02   18.3151379    
   13.6454849       6.82804286E-02   18.4414787    
   13.7458191       6.78158328E-02   18.5678196    
   13.8461542       6.73575103E-02   18.6941605    
   13.9464884       6.69053495E-02   18.8204994    
   14.0468225       6.64592162E-02   18.9468403    
   14.1471567       6.60189912E-02   19.0731792    
   14.2474918       6.55845553E-02   19.1995220    
   14.3478260       6.51558042E-02   19.3258629    
   14.4481602       6.47326261E-02   19.4522018    
   14.5484953       6.43149018E-02   19.5785427    
   14.6488295       6.39025420E-02   19.7048836    
   14.7491636       6.34954348E-02   19.8312225    
   14.8494987       6.30934760E-02   19.9575653    
   14.9498329       6.26965836E-02   20.0839024    
   15.0501671       6.23046458E-02   20.2102451    
   15.1505013       6.19175844E-02   20.3365841    
   15.2508364       6.15352988E-02   20.4629230    
   15.3511705       6.11577034E-02   20.5892639    
   15.4515047       6.07847162E-02   20.7156048    
   15.5518398       6.04162440E-02   20.8419456    
   15.6521740       6.00522198E-02   20.9682865    
   15.7525082       5.96925542E-02   21.0946255    
   15.8528433       5.93371652E-02   21.2209682    
   15.9531775       5.89859895E-02   21.3473091    
   16.0535126       5.86389452E-02   21.4736481    
   16.1538467       5.82959615E-02   21.5999889    
   16.2541809       5.79569675E-02   21.7263279    
   16.3545151       5.76218925E-02   21.8526688    
   16.4548492       5.72906695E-02   21.9790077    
   16.5551834       5.69632314E-02   22.1053486    
   16.6555176       5.66395186E-02   22.2316875    
   16.7558537       5.63194565E-02   22.3580303    
   16.8561878       5.60029969E-02   22.4843693    
   16.9565220       5.56900725E-02   22.6107101    
   17.0568562       5.53806275E-02   22.7370510    
   17.1571903       5.50745986E-02   22.8633919    
   17.2575245       5.47719374E-02   22.9897308    
   17.3578587       5.44725843E-02   23.1160698    
   17.4581947       5.41764796E-02   23.2424126    
   17.5585289       5.38835824E-02   23.3687534    
   17.6588631       5.35938330E-02   23.4950943    
   17.7591972       5.33071868E-02   23.6214333    
   17.8595314       5.30235879E-02   23.7477722    
   17.9598656       5.27429916E-02   23.8741131    
   18.0601997       5.24653457E-02   24.0004539    
   18.1605358       5.21906056E-02   24.1267967    
   18.2608700       5.19187339E-02   24.2531357    
   18.3612041       5.16496785E-02   24.3794765    
   18.4615383       5.13833985E-02   24.5058155    
   18.5618725       5.11198491E-02   24.6321564    
   18.6622066       5.08589931E-02   24.7584953    
   18.7625427       5.06007746E-02   24.8848381    
   18.8628769       5.03451750E-02   25.0111771    
   18.9632111       5.00921421E-02   25.1375179    
   19.0635452       4.98416387E-02   25.2638588    
   19.1638794       4.95936312E-02   25.3901978    
   19.2642136       4.93480787E-02   25.5165386    
   19.3645477       4.91049439E-02   25.6428776    
   19.4648838       4.88641933E-02   25.7692184    
   19.5652180       4.86257896E-02   25.8955612    
   19.6655521       4.83897068E-02   26.0219002    
   19.7658863       4.81559038E-02   26.1482391    
   19.8662205       4.79243472E-02   26.2745800    
   19.9665546       4.76950072E-02   26.4009209    
   20.0668888       4.74678539E-02   26.5272598    
   20.1672249       4.72428501E-02   26.6536026    
   20.2675591       4.70199697E-02   26.7799435    
   20.3678932       4.67991866E-02   26.9062824    
   20.4682274       4.65804636E-02   27.0326233    
   20.5685616       4.63637784E-02   27.1589622    
   20.6688957       4.61490974E-02   27.2853031    
   20.7692299       4.59363982E-02   27.4116421    
   20.8695660       4.57256436E-02   27.5379848    
   20.9699001       4.55168188E-02   27.6643257    
   21.0702343       4.53098938E-02   27.7906666    
   21.1705685       4.51048426E-02   27.9170055    
   21.2709026       4.49016392E-02   28.0433445    
   21.3712368       4.47002538E-02   28.1696854    
   21.4715710       4.45006713E-02   28.2960243    
   21.5719070       4.43028584E-02   28.4223671    
   21.6722412       4.41068001E-02   28.5487061    
   21.7725754       4.39124703E-02   28.6750469    
   21.8729095       4.37198430E-02   28.8013859    
   21.9732437       4.35288996E-02   28.9277267    
   22.0735779       4.33396176E-02   29.0540657    
   22.1739140       4.31519672E-02   29.1804104    
   22.2742481       4.29659411E-02   29.3067513    
   22.3745823       4.27815132E-02   29.4330902    
   22.4749165       4.25986610E-02   29.5594292    
   22.5752506       4.24173661E-02   29.6857681    
   22.6755848       4.22376059E-02   29.8121090    
   22.7759190       4.20593619E-02   29.9384499    
   22.8762550       4.18826155E-02   30.0647907    
   22.9765892       4.17073518E-02   30.1911316    
   23.0769234       4.15335447E-02   30.3174725    
   23.1772575       4.13611829E-02   30.4438133    
   23.2775917       4.11902480E-02   30.5701504    
   23.3779259       4.10207175E-02   30.6964912    
   23.4782600       4.08525765E-02   30.8228321    
   23.5785961       4.06858064E-02   30.9491749    
   23.6789303       4.05203961E-02   31.0755138    
   23.7792645       4.03563231E-02   31.2018547    
   23.8795986       4.01935726E-02   31.3281956    
   23.9799328       4.00321335E-02   31.4545345    
   24.0802670       3.98719832E-02   31.5808754    
   24.1806011       3.97131108E-02   31.7072144    
   24.2809372       3.95554937E-02   31.8335590    
   24.3812714       3.93991284E-02   31.9598980    
   24.4816055       3.92439961E-02   32.0862350    
   24.5819397       3.90900783E-02   32.2125740    
   24.6822739       3.89373638E-02   32.3389168    
   24.7826080       3.87858376E-02   32.4652557    
   24.8829422       3.86354849E-02   32.5915947    
   24.9832783       3.84862907E-02   32.7179375    
   25.0836124       3.83382477E-02   32.8442802    
   25.1839466       3.81913409E-02   32.9706192    
   25.2842808       3.80455516E-02   33.0969620    
   25.3846149       3.79008763E-02   33.2232971    
   25.4849491       3.77572924E-02   33.3496399    
   25.5852852       3.76147926E-02   33.4759827    
   25.6856194       3.74733657E-02   33.6023216    
   25.7859535       3.73330005E-02   33.7286606    
   25.8862877       3.71936820E-02   33.8549995    
   25.9866219       3.70553993E-02   33.9813385    
   26.0869560       3.69181372E-02   34.1076813    
   26.1872902       3.67818922E-02   34.2340202    
   26.2876263       3.66466455E-02   34.3603630    
   26.3879604       3.65123935E-02   34.4867058    
   26.4882946       3.63791212E-02   34.6130447    
   26.5886288       3.62468176E-02   34.7393837    
   26.6889629       3.61154750E-02   34.8657227    
   26.7892971       3.59850787E-02   34.9920616    
   26.8896313       3.58556211E-02   35.1184006    
   26.9899673       3.57270874E-02   35.2447472    
   27.0903015       3.55994739E-02   35.3710861    
   27.1906357       3.54727730E-02   35.4974251    
   27.2909698       3.53469662E-02   35.6237679    
   27.3913040       3.52220535E-02   35.7501068    
   27.4916382       3.50980163E-02   35.8764458    
   27.5919724       3.49748507E-02   36.0027885    
   27.6923084       3.48525457E-02   36.1291275    
   27.7926426       3.47310938E-02   36.2554703    
   27.8929768       3.46104875E-02   36.3818092    
   27.9933109       3.44907157E-02   36.5081482    
   28.0936451       3.43717672E-02   36.6344872    
   28.1939793       3.42536382E-02   36.7608299    
   28.2943134       3.41363177E-02   36.8871689    
   28.3946495       3.40197980E-02   37.0135078    
   28.4949837       3.39040719E-02   37.1398506    
   28.5953178       3.37891281E-02   37.2661896    
   28.6956520       3.36749628E-02   37.3925323    
   28.7959862       3.35615687E-02   37.5188675    
   28.8963203       3.34489308E-02   37.6452141    
   28.9966564       3.33370492E-02   37.7715530    
   29.0969906       3.32259126E-02   37.8978920    
   29.1973248       3.31155173E-02   38.0242310    
   29.2976589       3.30058523E-02   38.1505699    
   29.3979931       3.28969099E-02   38.2769127    
   29.4983273       3.27886827E-02   38.4032555    
   29.5986614       3.26811671E-02   38.5295944    
   29.6989975       3.25743519E-02   38.6559372    
   29.7993317       3.24682370E-02   38.7822762    
   29.8996658       3.23628113E-02   38.9086151    
   30.0000000       3.22580636E-02   39.0349579    
