 # logM(Msun/h)  sigma  dlnsigma_dlnM(alpha, i.e. -slope)
   6.00000000       9.20205212      -6.75534680E-02
   6.02506256       9.16626835      -6.77086413E-02
   6.05012512       9.13054943      -6.78651705E-02
   6.07518816       9.09487057      -6.80244491E-02
   6.10025072       9.05926228      -6.81860894E-02
   6.12531328       9.02372646      -6.83492944E-02
   6.15037584       8.98822880      -6.85130730E-02
   6.17543840       8.95276070      -6.86770678E-02
   6.20050144       8.91735554      -6.88417032E-02
   6.22556400       8.88201714      -6.90078363E-02
   6.25062656       8.84671593      -6.91764802E-02
   6.27568913       8.81147194      -6.93473741E-02
   6.30075169       8.77630424      -6.95196763E-02
   6.32581472       8.74118137      -6.96923733E-02
   6.35087729       8.70608330      -6.98648244E-02
   6.37593985       8.67104244      -7.00372607E-02
   6.40100241       8.63606644      -7.02103898E-02
   6.42606497       8.60112190      -7.03852698E-02
   6.45112801       8.56622028      -7.05621317E-02
   6.47619057       8.53139496      -7.07406402E-02
   6.50125313       8.49663258      -7.09204376E-02
   6.52631569       8.46190739      -7.11012632E-02
   6.55137825       8.42724514      -7.12830052E-02
   6.57644129       8.39265537      -7.14657381E-02
   6.60150385       8.35810471      -7.16497302E-02
   6.62656641       8.32358360      -7.18350336E-02
   6.65162897       8.28912258      -7.20213056E-02
   6.67669153       8.25472450      -7.22082481E-02
   6.70175457       8.22035503      -7.23957047E-02
   6.72681713       8.18603611      -7.25838020E-02
   6.75187969       8.15178585      -7.27730319E-02
   6.77694225       8.11758137      -7.29642510E-02
   6.80200481       8.08340359      -7.31580183E-02
   6.82706785       8.04928970      -7.33536482E-02
   6.85213041       8.01526070      -7.35501274E-02
   6.87719297       7.98129940      -7.37463683E-02
   6.90225554       7.94741297      -7.39421099E-02
   6.92731810       7.91361189      -7.41379187E-02
   6.95238113       7.87986469      -7.43348822E-02
   6.97744370       7.84611940      -7.45342299E-02
   7.00250626       7.81240416      -7.47357756E-02
   7.02756882       7.77874374      -7.49389604E-02
   7.05263138       7.74512434      -7.51432106E-02
   7.07769394       7.71154833      -7.53481537E-02
   7.10275698       7.67804384      -7.55537525E-02
   7.12781954       7.64461279      -7.57602081E-02
   7.15288210       7.61121655      -7.59679601E-02
   7.17794466       7.57787275      -7.61770234E-02
   7.20300770       7.54460049      -7.63873532E-02
   7.22807026       7.51137972      -7.65990466E-02
   7.25313282       7.47819042      -7.68122301E-02
   7.27819538       7.44506264      -7.70265982E-02
   7.30325794       7.41200638      -7.72419050E-02
   7.32832050       7.37899876      -7.74580389E-02
   7.35338354       7.34604073      -7.76749402E-02
   7.37844610       7.31315947      -7.78926909E-02
   7.40350866       7.28034306      -7.81116486E-02
   7.42857122       7.24755669      -7.83323348E-02
   7.45363426       7.21482182      -7.85546228E-02
   7.47869682       7.18215418      -7.87782818E-02
   7.50375938       7.14952755      -7.90032521E-02
   7.52882195       7.11693001      -7.92294741E-02
   7.55388451       7.08439589      -7.94567913E-02
   7.57894707       7.05193233      -7.96852037E-02
   7.60401011       7.01951504      -7.99149275E-02
   7.62907267       6.98715830      -8.01458806E-02
   7.65413523       6.95488310      -8.03779438E-02
   7.67919779       6.92267132      -8.06111544E-02
   7.70426083       6.89049292      -8.08456838E-02
   7.72932339       6.85837793      -8.10813755E-02
   7.75438595       6.82633352      -8.13182369E-02
   7.77944851       6.79433012      -8.15565065E-02
   7.80451107       6.76236629      -8.17962587E-02
   7.82957363       6.73047352      -8.20372999E-02
   7.85463667       6.69864798      -8.22797120E-02
   7.87969923       6.66686392      -8.25236365E-02
   7.90476179       6.63514090      -8.27689394E-02
   7.92982435       6.60349369      -8.30155015E-02
   7.95488739       6.57189703      -8.32634643E-02
   7.97994995       6.54033279      -8.35128576E-02
   8.00501251       6.50883245      -8.37635547E-02
   8.03007507       6.47740078      -8.40155631E-02
   8.05513763       6.44600916      -8.42691064E-02
   8.08020020       6.41466951      -8.45241472E-02
   8.10526276       6.38340521      -8.47805291E-02
   8.13032532       6.35220575      -8.50383267E-02
   8.15538788       6.32104397      -8.52976814E-02
   8.18045139       6.28994656      -8.55584294E-02
   8.20551395       6.25892782      -8.58204812E-02
   8.23057652       6.22795773      -8.60840231E-02
   8.25563908       6.19703341      -8.63490924E-02
   8.28070164       6.16618252      -8.66154805E-02
   8.30576420       6.13540268      -8.68832618E-02
   8.33082676       6.10466242      -8.71526673E-02
   8.35588932       6.07398033      -8.74236301E-02
   8.38095284       6.04337263      -8.76961052E-02
   8.40601540       6.01281929      -8.79703313E-02
   8.43107796       5.98230171      -8.82464945E-02
   8.45614052       5.95184851      -8.85243490E-02
   8.48120308       5.92146730      -8.88037309E-02
   8.50626564       5.89113045      -8.90847072E-02
   8.53132820       5.86084747      -8.93672481E-02
   8.55639076       5.83063650      -8.96513164E-02
   8.58145332       5.80048752      -8.99371654E-02
   8.60651588       5.77037287      -9.02251154E-02
   8.63157845       5.74032879      -9.05146524E-02
   8.65664101       5.71038103      -9.08050910E-02
   8.68170452       5.68052769      -9.10959020E-02
   8.70676708       5.65076876      -9.13869068E-02
   8.73182964       5.62110758      -9.16786119E-02
   8.75689220       5.59150887      -9.19721276E-02
   8.78195477       5.56190300      -9.22689363E-02
   8.80701733       5.53230715      -9.25690681E-02
   8.83207989       5.50275898      -9.28718373E-02
   8.85714245       5.47327280      -9.31766480E-02
   8.88220596       5.44385099      -9.34830159E-02
   8.90726852       5.41452217      -9.37906951E-02
   8.93233109       5.38528013      -9.40997154E-02
   8.95739365       5.35608339      -9.44104865E-02
   8.98245621       5.32692909      -9.47230980E-02
   9.00751877       5.29784393      -9.50374976E-02
   9.03258133       5.26882172      -9.53539759E-02
   9.05764389       5.23984003      -9.56729129E-02
   9.08270645       5.21092367      -9.59940627E-02
   9.10776901       5.18208790      -9.63170752E-02
   9.13283157       5.15331507      -9.66418460E-02
   9.15789413       5.12459755      -9.69682857E-02
   9.18295765       5.09595871      -9.72963125E-02
   9.20802021       5.06739855      -9.76260677E-02
   9.23308277       5.03888369      -9.79580656E-02
   9.25814533       5.01042509      -9.82922912E-02
   9.28320789       4.98204231      -9.86286104E-02
   9.30827045       4.95371771      -9.89671350E-02
   9.33333302       4.92543364      -9.93080884E-02
   9.35839558       4.89721727      -9.96511132E-02
   9.38345909       4.86908007      -9.99960527E-02
   9.40852165       4.84100533     -0.100342952    
   9.43358421       4.81299400     -0.100691728    
   9.45864677       4.78506899     -0.101042271    
   9.48370934       4.75722027     -0.101394728    
   9.50877190       4.72941637     -0.101749510    
   9.53383446       4.70167828     -0.102106504    
   9.55889702       4.67402029     -0.102465674    
   9.58395958       4.64642477     -0.102827348    
   9.60902214       4.61887932     -0.103191696    
   9.63408470       4.59140968     -0.103558376    
   9.65914726       4.56401587     -0.103927240    
   9.68421078       4.53666687     -0.104298413    
   9.70927334       4.50937510     -0.104671739    
   9.73433590       4.48216438     -0.105047099    
   9.75939846       4.45502901     -0.105424747    
   9.78446102       4.42794991     -0.105805010    
   9.80952358       4.40095234     -0.106187604    
   9.83458614       4.37404060     -0.106572397    
   9.85964870       4.34718609     -0.106959604    
   9.88471222       4.32038403     -0.107349209    
   9.90977478       4.29366255     -0.107741013    
   9.93483734       4.26701546     -0.108135156    
   9.95989990       4.24041796     -0.108532079    
   9.98496246       4.21388865     -0.108931676    
   10.0100250       4.18743944     -0.109333917    
   10.0350876       4.16105318     -0.109739155    
   10.0601501       4.13471556     -0.110147558    
   10.0852127       4.10845566     -0.110558644    
   10.1102753       4.08228207     -0.110971995    
   10.1353378       4.05617285     -0.111387506    
   10.1604004       4.03013706     -0.111805037    
   10.1854630       4.00419283     -0.112224691    
   10.2105255       3.97832203     -0.112647079    
   10.2355890       3.95249796     -0.113072932    
   10.2606516       3.92674398     -0.113501891    
   10.2857141       3.90107226     -0.113933764    
   10.3107767       3.87546158     -0.114368565    
   10.3358393       3.84991026     -0.114806198    
   10.3609028       3.82444048     -0.115246415    
   10.3859653       3.79905319     -0.115689218    
   10.4110279       3.77371979     -0.116135001    
   10.4360905       3.74845672     -0.116583675    
   10.4611530       3.72327948     -0.117035225    
   10.4862156       3.69817281     -0.117490076    
   10.5112782       3.67312193     -0.117948599    
   10.5363407       3.64815164     -0.118410319    
   10.5614033       3.62326670     -0.118874952    
   10.5864658       3.59844351     -0.119342528    
   10.6115284       3.57368755     -0.119812965    
   10.6365910       3.54901814     -0.120286167    
   10.6616535       3.52442622     -0.120762534    
   10.6867161       3.49988818     -0.121242687    
   10.7117786       3.47542548     -0.121726304    
   10.7368422       3.45104909     -0.122213170    
   10.7619047       3.42674232     -0.122703381    
   10.7869673       3.40249991     -0.123196937    
   10.8120298       3.37834430     -0.123693518    
   10.8370924       3.35427523     -0.124193162    
   10.8621559       3.33026671     -0.124696262    
   10.8872185       3.30633330     -0.125202626    
   10.9122810       3.28249097     -0.125712082    
   10.9373436       3.25872564     -0.126224890    
   10.9624062       3.23502183     -0.126741379    
   10.9874687       3.21140099     -0.127261296    
   11.0125313       3.18786860     -0.127784774    
   11.0375938       3.16439986     -0.128312320    
   11.0626564       3.14099836     -0.128843889    
   11.0877190       3.11768532     -0.129378945    
   11.1127815       3.09445691     -0.129917309    
   11.1378441       3.07129240     -0.130458996    
   11.1629066       3.04820943     -0.131003901    
   11.1879692       3.02521777     -0.131552309    
   11.2130318       3.00229621     -0.132105082    
   11.2380953       2.97943497     -0.132662699    
   11.2631578       2.95665979     -0.133224532    
   11.2882204       2.93397403     -0.133790180    
   11.3132830       2.91135669     -0.134359658    
   11.3383455       2.88882065     -0.134932593    
   11.3634090       2.86638069     -0.135508791    
   11.3884716       2.84402585     -0.136088505    
   11.4135342       2.82173729     -0.136672229    
   11.4385967       2.79953432     -0.137259886    
   11.4636593       2.77742052     -0.137851715    
   11.4887218       2.75537157     -0.138448700    
   11.5137844       2.73338652     -0.139050901    
   11.5388470       2.71148920     -0.139657736    
   11.5639095       2.68967843     -0.140268847    
   11.5889721       2.66793752     -0.140884236    
   11.6140347       2.64628315     -0.141503572    
   11.6390972       2.62472534     -0.142126769    
   11.6641598       2.60324550     -0.142754391    
   11.6892223       2.58183336     -0.143386856    
   11.7142849       2.56051016     -0.144023821    
   11.7393484       2.53927755     -0.144665360    
   11.7644110       2.51811647     -0.145312011    
   11.7894735       2.49703479     -0.145963579    
   11.8145361       2.47604895     -0.146619633    
   11.8395987       2.45514941     -0.147280142    
   11.8646622       2.43431854     -0.147945374    
   11.8897247       2.41357660     -0.148614988    
   11.9147873       2.39293003     -0.149289176    
   11.9398499       2.37235880     -0.149968743    
   11.9649124       2.35186100     -0.150653929    
   11.9899750       2.33145523     -0.151344329    
   12.0150375       2.31113935     -0.152040020    
   12.0401001       2.29089189     -0.152741477    
   12.0651627       2.27072787     -0.153448239    
   12.0902252       2.25066042     -0.154159904    
   12.1152878       2.23067713     -0.154876620    
   12.1403503       2.21076870     -0.155598536    
   12.1654129       2.19095564     -0.156325266    
   12.1904755       2.17124033     -0.157056913    
   12.2155380       2.15160275     -0.157794237    
   12.2406015       2.13204789     -0.158537239    
   12.2656641       2.11259198     -0.159285530    
   12.2907267       2.09322596     -0.160039380    
   12.3157892       2.07393169     -0.160799399    
   12.3408518       2.05472827     -0.161564872    
   12.3659153       2.03562498     -0.162335336    
   12.3909779       2.01660919     -0.163110793    
   12.4160404       1.99767804     -0.163891405    
   12.4411030       1.97884631     -0.164677262    
   12.4661655       1.96010745     -0.165469304    
   12.4912281       1.94143569     -0.166269153    
   12.5162907       1.92284393     -0.167076454    
   12.5413532       1.90434718     -0.167890355    
   12.5664158       1.88593924     -0.168710425    
   12.5914783       1.86761284     -0.169536501    
   12.6165409       1.84938478     -0.170368165    
   12.6416035       1.83125758     -0.171205699    
   12.6666660       1.81320906     -0.172050178    
   12.6917286       1.79524255     -0.172901660    
   12.7167912       1.77737474     -0.173759639    
   12.7418547       1.75960076     -0.174624220    
   12.7669172       1.74190617     -0.175495803    
   12.7919798       1.72430634     -0.176373824    
   12.8170424       1.70680940     -0.177258030    
   12.8421049       1.68939996     -0.178148896    
   12.8671684       1.67207193     -0.179046676    
   12.8922310       1.65484381     -0.179951027    
   12.9172935       1.63771343     -0.180862382    
   12.9423561       1.62066150     -0.181781918    
   12.9674187       1.60369766     -0.182709277    
   12.9924812       1.58683586     -0.183643773    
   13.0175438       1.57006800     -0.184585392    
   13.0426064       1.55338299     -0.185534313    
   13.0676689       1.53679752     -0.186490133    
   13.0927315       1.52031410     -0.187453061    
   13.1177940       1.50391352     -0.188424304    
   13.1428566       1.48759830     -0.189403787    
   13.1679192       1.47138536     -0.190390572    
   13.1929817       1.45527303     -0.191384196    
   13.2180443       1.43924785     -0.192384839    
   13.2431078       1.42332172     -0.193392277    
   13.2681704       1.40750182     -0.194406927    
   13.2932329       1.39177012     -0.195430487    
   13.3182955       1.37611818     -0.196463853    
   13.3433580       1.36056352     -0.197506115    
   13.3684216       1.34510779     -0.198556900    
   13.3934841       1.32973719     -0.199616298    
   13.4185467       1.31445944     -0.200683966    
   13.4436092       1.29928684     -0.201759681    
   13.4686718       1.28421092     -0.202844128    
   13.4937344       1.26921916     -0.203938201    
   13.5187969       1.25432694     -0.205041215    
   13.5438595       1.23953867     -0.206152782    
   13.5689220       1.22483885     -0.207273498    
   13.5939846       1.21022761     -0.208403245    
   13.6190472       1.19571972     -0.209541395    
   13.6441097       1.18131268     -0.210688144    
   13.6691723       1.16699171     -0.211844400    
   13.6942348       1.15276849     -0.213009641    
   13.7192974       1.13865113     -0.214183643    
   13.7443609       1.12462854     -0.215367272    
   13.7694235       1.11069381     -0.216561019    
   13.7944860       1.09686160     -0.217764154    
   13.8195486       1.08313251     -0.218976706    
   13.8446112       1.06948996     -0.220199466    
   13.8696747       1.05593979     -0.221432075    
   13.8947372       1.04249644     -0.222673357    
   13.9197998       1.02915502     -0.223923296    
   13.9448624       1.01590550     -0.225182265    
   13.9699249       1.00275934     -0.226450026    
   13.9949875      0.989719570     -0.227727294    
   14.0200500      0.976768970     -0.229016170    
   14.0451126      0.963904858     -0.230317309    
   14.0701752      0.951141179     -0.231629699    
   14.0952377      0.938478291     -0.232952982    
   14.1203003      0.925903618     -0.234287500    
   14.1453629      0.913427234     -0.235632315    
   14.1704254      0.901058078     -0.236986712    
   14.1954889      0.888786554     -0.238351032    
   14.2205515      0.876605988     -0.239725530    
   14.2456141      0.864529133     -0.241109714    
   14.2706766      0.852557003     -0.242503986    
   14.2957392      0.840674937     -0.243910104    
   14.3208017      0.828886449     -0.245327875    
   14.3458643      0.817202985     -0.246756256    
   14.3709269      0.805620193     -0.248195171    
   14.3959894      0.794126928     -0.249645025    
   14.4210520      0.782734275     -0.251105249    
   14.4461155      0.771446526     -0.252575994    
   14.4711781      0.760252416     -0.254058868    
   14.4962406      0.749148726     -0.255554199    
   14.5213032      0.738148630     -0.257060319    
   14.5463657      0.727252781     -0.258576304    
   14.5714283      0.716449380     -0.260102123    
   14.5964909      0.705745637     -0.261637360    
   14.6215534      0.695147932     -0.263182342    
   14.6466160      0.684646428     -0.264739275    
   14.6716785      0.674231648     -0.266309798    
   14.6967421      0.663915932     -0.267892778    
   14.7218046      0.653703511     -0.269487232    
   14.7468672      0.643583894     -0.271093518    
   14.7719297      0.633559525     -0.272711009    
   14.7969923      0.623639941     -0.274338663    
   14.8220549      0.613820314     -0.275976747    
   14.8471174      0.604088843     -0.277626306    
   14.8721800      0.594455183     -0.279286414    
   14.8972425      0.584925354     -0.280956596    
   14.9223051      0.575490952     -0.282638013    
   14.9473686      0.566148520     -0.284331024    
   14.9724312      0.556909144     -0.286034226    
   14.9974937      0.547771335     -0.287747443    
   15.0225563      0.538722634     -0.289471596    
   15.0476189      0.529768348     -0.291205913    
   15.0726814      0.520916641     -0.292949229    
   15.0977440      0.512162089     -0.294702202    
   15.1228065      0.503497422     -0.296465486    
   15.1478691      0.494932324     -0.298238009    
   15.1729317      0.486468852     -0.300019741    
   15.1979952      0.478095472     -0.301812321    
   15.2230577      0.469813198     -0.303615779    
   15.2481203      0.461630553     -0.305428892    
   15.2731829      0.453544915     -0.307252109    
   15.2982454      0.445546508     -0.309086442    
   15.3233080      0.437643081     -0.310930371    
   15.3483706      0.429839939     -0.312782198    
   15.3734331      0.422129691     -0.314641923    
   15.3984957      0.414508551     -0.316509277    
   15.4235582      0.406985253     -0.318383574    
   15.4486217      0.399558961     -0.320265591    
   15.4736843      0.392219245     -0.322157860    
   15.4987469      0.384969711     -0.324059516    
   15.5238094      0.377817541     -0.325968295    
   15.5488720      0.370758772     -0.327883244    
   15.5739346      0.363786846     -0.329804122    
   15.5989971      0.356909394     -0.331729800    
   15.6240597      0.350128233     -0.333660722    
   15.6491222      0.343433559     -0.335599601    
   15.6741848      0.336824477     -0.337546736    
   15.6992483      0.330308497     -0.339500070    
   15.7243109      0.323884696     -0.341458797    
   15.7493734      0.317544281     -0.343423307    
   15.7744360      0.311293006     -0.345392138    
   15.7994986      0.305134952     -0.347364604    
   15.8245611      0.299063742     -0.349342018    
   15.8496237      0.293074906     -0.351325095    
   15.8746862      0.287175775     -0.353311956    
   15.8997488      0.281366676     -0.355302066    
   15.9248114      0.275638789     -0.357296556    
   15.9498749      0.269994378     -0.359294176    
   15.9749374      0.264439642     -0.361292541    
   16.0000000      0.258971184     -0.363291264    
